0 1 20 21 -1 -1 -1 -1 -1 
0 1 2 20 21 22 -1 -1 -1 
1 2 3 21 22 23 -1 -1 -1 
2 3 4 22 23 24 -1 -1 -1 
3 4 5 23 24 25 -1 -1 -1 
4 5 6 24 25 26 -1 -1 -1 
5 6 7 25 26 27 -1 -1 -1 
6 7 8 26 27 28 -1 -1 -1 
7 8 9 27 28 29 -1 -1 -1 
8 9 10 28 29 30 -1 -1 -1 
9 10 11 29 30 31 -1 -1 -1 
10 11 12 30 31 32 -1 -1 -1 
11 12 13 31 32 33 -1 -1 -1 
12 13 14 32 33 34 -1 -1 -1 
13 14 15 33 34 35 -1 -1 -1 
14 15 16 34 35 36 -1 -1 -1 
15 16 17 35 36 37 -1 -1 -1 
16 17 18 36 37 38 -1 -1 -1 
17 18 19 37 38 39 -1 -1 -1 
18 19 38 39 -1 -1 -1 -1 -1 
0 1 20 21 40 41 -1 -1 -1 
0 1 2 20 21 22 40 41 42
1 2 3 21 22 23 41 42 43
2 3 4 22 23 24 42 43 44
3 4 5 23 24 25 43 44 45
4 5 6 24 25 26 44 45 46
5 6 7 25 26 27 45 46 47
6 7 8 26 27 28 46 47 48
7 8 9 27 28 29 47 48 49
8 9 10 28 29 30 48 49 50
9 10 11 29 30 31 49 50 51
10 11 12 30 31 32 50 51 52
11 12 13 31 32 33 51 52 53
12 13 14 32 33 34 52 53 54
13 14 15 33 34 35 53 54 55
14 15 16 34 35 36 54 55 56
15 16 17 35 36 37 55 56 57
16 17 18 36 37 38 56 57 58
17 18 19 37 38 39 57 58 59
18 19 38 39 58 59 -1 -1 -1 
20 21 40 41 60 61 -1 -1 -1 
20 21 22 40 41 42 60 61 62
21 22 23 41 42 43 61 62 63
22 23 24 42 43 44 62 63 64
23 24 25 43 44 45 63 64 65
24 25 26 44 45 46 64 65 66
25 26 27 45 46 47 65 66 67
26 27 28 46 47 48 66 67 68
27 28 29 47 48 49 67 68 69
28 29 30 48 49 50 68 69 70
29 30 31 49 50 51 69 70 71
30 31 32 50 51 52 70 71 72
31 32 33 51 52 53 71 72 73
32 33 34 52 53 54 72 73 74
33 34 35 53 54 55 73 74 75
34 35 36 54 55 56 74 75 76
35 36 37 55 56 57 75 76 77
36 37 38 56 57 58 76 77 78
37 38 39 57 58 59 77 78 79
38 39 58 59 78 79 -1 -1 -1 
40 41 60 61 80 81 -1 -1 -1 
40 41 42 60 61 62 80 81 82
41 42 43 61 62 63 81 82 83
42 43 44 62 63 64 82 83 84
43 44 45 63 64 65 83 84 85
44 45 46 64 65 66 84 85 86
45 46 47 65 66 67 85 86 87
46 47 48 66 67 68 86 87 88
47 48 49 67 68 69 87 88 89
48 49 50 68 69 70 88 89 90
49 50 51 69 70 71 89 90 91
50 51 52 70 71 72 90 91 92
51 52 53 71 72 73 91 92 93
52 53 54 72 73 74 92 93 94
53 54 55 73 74 75 93 94 95
54 55 56 74 75 76 94 95 96
55 56 57 75 76 77 95 96 97
56 57 58 76 77 78 96 97 98
57 58 59 77 78 79 97 98 99
58 59 78 79 98 99 -1 -1 -1 
60 61 80 81 100 101 -1 -1 -1 
60 61 62 80 81 82 100 101 102
61 62 63 81 82 83 101 102 103
62 63 64 82 83 84 102 103 104
63 64 65 83 84 85 103 104 105
64 65 66 84 85 86 104 105 106
65 66 67 85 86 87 105 106 107
66 67 68 86 87 88 106 107 108
67 68 69 87 88 89 107 108 109
68 69 70 88 89 90 108 109 110
69 70 71 89 90 91 109 110 111
70 71 72 90 91 92 110 111 112
71 72 73 91 92 93 111 112 113
72 73 74 92 93 94 112 113 114
73 74 75 93 94 95 113 114 115
74 75 76 94 95 96 114 115 116
75 76 77 95 96 97 115 116 117
76 77 78 96 97 98 116 117 118
77 78 79 97 98 99 117 118 119
78 79 98 99 118 119 -1 -1 -1 
80 81 100 101 120 121 -1 -1 -1 
80 81 82 100 101 102 120 121 122
81 82 83 101 102 103 121 122 123
82 83 84 102 103 104 122 123 124
83 84 85 103 104 105 123 124 125
84 85 86 104 105 106 124 125 126
85 86 87 105 106 107 125 126 127
86 87 88 106 107 108 126 127 128
87 88 89 107 108 109 127 128 129
88 89 90 108 109 110 128 129 130
89 90 91 109 110 111 129 130 131
90 91 92 110 111 112 130 131 132
91 92 93 111 112 113 131 132 133
92 93 94 112 113 114 132 133 134
93 94 95 113 114 115 133 134 135
94 95 96 114 115 116 134 135 136
95 96 97 115 116 117 135 136 137
96 97 98 116 117 118 136 137 138
97 98 99 117 118 119 137 138 139
98 99 118 119 138 139 -1 -1 -1 
100 101 120 121 140 141 -1 -1 -1 
100 101 102 120 121 122 140 141 142
101 102 103 121 122 123 141 142 143
102 103 104 122 123 124 142 143 144
103 104 105 123 124 125 143 144 145
104 105 106 124 125 126 144 145 146
105 106 107 125 126 127 145 146 147
106 107 108 126 127 128 146 147 148
107 108 109 127 128 129 147 148 149
108 109 110 128 129 130 148 149 150
109 110 111 129 130 131 149 150 151
110 111 112 130 131 132 150 151 152
111 112 113 131 132 133 151 152 153
112 113 114 132 133 134 152 153 154
113 114 115 133 134 135 153 154 155
114 115 116 134 135 136 154 155 156
115 116 117 135 136 137 155 156 157
116 117 118 136 137 138 156 157 158
117 118 119 137 138 139 157 158 159
118 119 138 139 158 159 -1 -1 -1 
120 121 140 141 160 161 -1 -1 -1 
120 121 122 140 141 142 160 161 162
121 122 123 141 142 143 161 162 163
122 123 124 142 143 144 162 163 164
123 124 125 143 144 145 163 164 165
124 125 126 144 145 146 164 165 166
125 126 127 145 146 147 165 166 167
126 127 128 146 147 148 166 167 168
127 128 129 147 148 149 167 168 169
128 129 130 148 149 150 168 169 170
129 130 131 149 150 151 169 170 171
130 131 132 150 151 152 170 171 172
131 132 133 151 152 153 171 172 173
132 133 134 152 153 154 172 173 174
133 134 135 153 154 155 173 174 175
134 135 136 154 155 156 174 175 176
135 136 137 155 156 157 175 176 177
136 137 138 156 157 158 176 177 178
137 138 139 157 158 159 177 178 179
138 139 158 159 178 179 -1 -1 -1 
140 141 160 161 180 181 -1 -1 -1 
140 141 142 160 161 162 180 181 182
141 142 143 161 162 163 181 182 183
142 143 144 162 163 164 182 183 184
143 144 145 163 164 165 183 184 185
144 145 146 164 165 166 184 185 186
145 146 147 165 166 167 185 186 187
146 147 148 166 167 168 186 187 188
147 148 149 167 168 169 187 188 189
148 149 150 168 169 170 188 189 190
149 150 151 169 170 171 189 190 191
150 151 152 170 171 172 190 191 192
151 152 153 171 172 173 191 192 193
152 153 154 172 173 174 192 193 194
153 154 155 173 174 175 193 194 195
154 155 156 174 175 176 194 195 196
155 156 157 175 176 177 195 196 197
156 157 158 176 177 178 196 197 198
157 158 159 177 178 179 197 198 199
158 159 178 179 198 199 -1 -1 -1 
160 161 180 181 200 201 -1 -1 -1 
160 161 162 180 181 182 200 201 202
161 162 163 181 182 183 201 202 203
162 163 164 182 183 184 202 203 204
163 164 165 183 184 185 203 204 205
164 165 166 184 185 186 204 205 206
165 166 167 185 186 187 205 206 207
166 167 168 186 187 188 206 207 208
167 168 169 187 188 189 207 208 209
168 169 170 188 189 190 208 209 210
169 170 171 189 190 191 209 210 211
170 171 172 190 191 192 210 211 212
171 172 173 191 192 193 211 212 213
172 173 174 192 193 194 212 213 214
173 174 175 193 194 195 213 214 215
174 175 176 194 195 196 214 215 216
175 176 177 195 196 197 215 216 217
176 177 178 196 197 198 216 217 218
177 178 179 197 198 199 217 218 219
178 179 198 199 218 219 -1 -1 -1 
180 181 200 201 220 221 -1 -1 -1 
180 181 182 200 201 202 220 221 222
181 182 183 201 202 203 221 222 223
182 183 184 202 203 204 222 223 224
183 184 185 203 204 205 223 224 225
184 185 186 204 205 206 224 225 226
185 186 187 205 206 207 225 226 227
186 187 188 206 207 208 226 227 228
187 188 189 207 208 209 227 228 229
188 189 190 208 209 210 228 229 230
189 190 191 209 210 211 229 230 231
190 191 192 210 211 212 230 231 232
191 192 193 211 212 213 231 232 233
192 193 194 212 213 214 232 233 234
193 194 195 213 214 215 233 234 235
194 195 196 214 215 216 234 235 236
195 196 197 215 216 217 235 236 237
196 197 198 216 217 218 236 237 238
197 198 199 217 218 219 237 238 239
198 199 218 219 238 239 -1 -1 -1 
200 201 220 221 240 241 -1 -1 -1 
200 201 202 220 221 222 240 241 242
201 202 203 221 222 223 241 242 243
202 203 204 222 223 224 242 243 244
203 204 205 223 224 225 243 244 245
204 205 206 224 225 226 244 245 246
205 206 207 225 226 227 245 246 247
206 207 208 226 227 228 246 247 248
207 208 209 227 228 229 247 248 249
208 209 210 228 229 230 248 249 250
209 210 211 229 230 231 249 250 251
210 211 212 230 231 232 250 251 252
211 212 213 231 232 233 251 252 253
212 213 214 232 233 234 252 253 254
213 214 215 233 234 235 253 254 255
214 215 216 234 235 236 254 255 256
215 216 217 235 236 237 255 256 257
216 217 218 236 237 238 256 257 258
217 218 219 237 238 239 257 258 259
218 219 238 239 258 259 -1 -1 -1 
220 221 240 241 260 261 -1 -1 -1 
220 221 222 240 241 242 260 261 262
221 222 223 241 242 243 261 262 263
222 223 224 242 243 244 262 263 264
223 224 225 243 244 245 263 264 265
224 225 226 244 245 246 264 265 266
225 226 227 245 246 247 265 266 267
226 227 228 246 247 248 266 267 268
227 228 229 247 248 249 267 268 269
228 229 230 248 249 250 268 269 270
229 230 231 249 250 251 269 270 271
230 231 232 250 251 252 270 271 272
231 232 233 251 252 253 271 272 273
232 233 234 252 253 254 272 273 274
233 234 235 253 254 255 273 274 275
234 235 236 254 255 256 274 275 276
235 236 237 255 256 257 275 276 277
236 237 238 256 257 258 276 277 278
237 238 239 257 258 259 277 278 279
238 239 258 259 278 279 -1 -1 -1 
240 241 260 261 280 281 -1 -1 -1 
240 241 242 260 261 262 280 281 282
241 242 243 261 262 263 281 282 283
242 243 244 262 263 264 282 283 284
243 244 245 263 264 265 283 284 285
244 245 246 264 265 266 284 285 286
245 246 247 265 266 267 285 286 287
246 247 248 266 267 268 286 287 288
247 248 249 267 268 269 287 288 289
248 249 250 268 269 270 288 289 290
249 250 251 269 270 271 289 290 291
250 251 252 270 271 272 290 291 292
251 252 253 271 272 273 291 292 293
252 253 254 272 273 274 292 293 294
253 254 255 273 274 275 293 294 295
254 255 256 274 275 276 294 295 296
255 256 257 275 276 277 295 296 297
256 257 258 276 277 278 296 297 298
257 258 259 277 278 279 297 298 299
258 259 278 279 298 299 -1 -1 -1 
260 261 280 281 300 301 -1 -1 -1 
260 261 262 280 281 282 300 301 302
261 262 263 281 282 283 301 302 303
262 263 264 282 283 284 302 303 304
263 264 265 283 284 285 303 304 305
264 265 266 284 285 286 304 305 306
265 266 267 285 286 287 305 306 307
266 267 268 286 287 288 306 307 308
267 268 269 287 288 289 307 308 309
268 269 270 288 289 290 308 309 310
269 270 271 289 290 291 309 310 311
270 271 272 290 291 292 310 311 312
271 272 273 291 292 293 311 312 313
272 273 274 292 293 294 312 313 314
273 274 275 293 294 295 313 314 315
274 275 276 294 295 296 314 315 316
275 276 277 295 296 297 315 316 317
276 277 278 296 297 298 316 317 318
277 278 279 297 298 299 317 318 319
278 279 298 299 318 319 -1 -1 -1 
280 281 300 301 320 321 -1 -1 -1 
280 281 282 300 301 302 320 321 322
281 282 283 301 302 303 321 322 323
282 283 284 302 303 304 322 323 324
283 284 285 303 304 305 323 324 325
284 285 286 304 305 306 324 325 326
285 286 287 305 306 307 325 326 327
286 287 288 306 307 308 326 327 328
287 288 289 307 308 309 327 328 329
288 289 290 308 309 310 328 329 330
289 290 291 309 310 311 329 330 331
290 291 292 310 311 312 330 331 332
291 292 293 311 312 313 331 332 333
292 293 294 312 313 314 332 333 334
293 294 295 313 314 315 333 334 335
294 295 296 314 315 316 334 335 336
295 296 297 315 316 317 335 336 337
296 297 298 316 317 318 336 337 338
297 298 299 317 318 319 337 338 339
298 299 318 319 338 339 -1 -1 -1 
300 301 320 321 340 341 -1 -1 -1 
300 301 302 320 321 322 340 341 342
301 302 303 321 322 323 341 342 343
302 303 304 322 323 324 342 343 344
303 304 305 323 324 325 343 344 345
304 305 306 324 325 326 344 345 346
305 306 307 325 326 327 345 346 347
306 307 308 326 327 328 346 347 348
307 308 309 327 328 329 347 348 349
308 309 310 328 329 330 348 349 350
309 310 311 329 330 331 349 350 351
310 311 312 330 331 332 350 351 352
311 312 313 331 332 333 351 352 353
312 313 314 332 333 334 352 353 354
313 314 315 333 334 335 353 354 355
314 315 316 334 335 336 354 355 356
315 316 317 335 336 337 355 356 357
316 317 318 336 337 338 356 357 358
317 318 319 337 338 339 357 358 359
318 319 338 339 358 359 -1 -1 -1 
320 321 340 341 360 361 -1 -1 -1 
320 321 322 340 341 342 360 361 362
321 322 323 341 342 343 361 362 363
322 323 324 342 343 344 362 363 364
323 324 325 343 344 345 363 364 365
324 325 326 344 345 346 364 365 366
325 326 327 345 346 347 365 366 367
326 327 328 346 347 348 366 367 368
327 328 329 347 348 349 367 368 369
328 329 330 348 349 350 368 369 370
329 330 331 349 350 351 369 370 371
330 331 332 350 351 352 370 371 372
331 332 333 351 352 353 371 372 373
332 333 334 352 353 354 372 373 374
333 334 335 353 354 355 373 374 375
334 335 336 354 355 356 374 375 376
335 336 337 355 356 357 375 376 377
336 337 338 356 357 358 376 377 378
337 338 339 357 358 359 377 378 379
338 339 358 359 378 379 -1 -1 -1 
340 341 360 361 380 381 -1 -1 -1 
340 341 342 360 361 362 380 381 382
341 342 343 361 362 363 381 382 383
342 343 344 362 363 364 382 383 384
343 344 345 363 364 365 383 384 385
344 345 346 364 365 366 384 385 386
345 346 347 365 366 367 385 386 387
346 347 348 366 367 368 386 387 388
347 348 349 367 368 369 387 388 389
348 349 350 368 369 370 388 389 390
349 350 351 369 370 371 389 390 391
350 351 352 370 371 372 390 391 392
351 352 353 371 372 373 391 392 393
352 353 354 372 373 374 392 393 394
353 354 355 373 374 375 393 394 395
354 355 356 374 375 376 394 395 396
355 356 357 375 376 377 395 396 397
356 357 358 376 377 378 396 397 398
357 358 359 377 378 379 397 398 399
358 359 378 379 398 399 -1 -1 -1 
360 361 380 381 -1 -1 -1 -1 -1 
360 361 362 380 381 382 -1 -1 -1 
361 362 363 381 382 383 -1 -1 -1 
362 363 364 382 383 384 -1 -1 -1 
363 364 365 383 384 385 -1 -1 -1 
364 365 366 384 385 386 -1 -1 -1 
365 366 367 385 386 387 -1 -1 -1 
366 367 368 386 387 388 -1 -1 -1 
367 368 369 387 388 389 -1 -1 -1 
368 369 370 388 389 390 -1 -1 -1 
369 370 371 389 390 391 -1 -1 -1 
370 371 372 390 391 392 -1 -1 -1 
371 372 373 391 392 393 -1 -1 -1 
372 373 374 392 393 394 -1 -1 -1 
373 374 375 393 394 395 -1 -1 -1 
374 375 376 394 395 396 -1 -1 -1 
375 376 377 395 396 397 -1 -1 -1 
376 377 378 396 397 398 -1 -1 -1 
377 378 379 397 398 399 -1 -1 -1 
378 379 398 399 -1 -1 -1 -1 -1 
